lastAccountName: colonel26
timestamps:
  login: 1596148035541
  logout: 1596148503339
ipAddress: 127.0.0.1
lastlocation:
  world: world
  x: 206.5
  y: 71.0
  z: -105.5
  yaw: 1.110133
  pitch: 0.0
logoutlocation:
  world: world
  x: 566.9211980930353
  y: 70.0
  z: -999.034816594564
  yaw: 240.55272
  pitch: 34.129745
